id,time,DV,popPred_medianCOV,popPred,indivPred_SAEM,indivPred_mean,indivPred_mode,indWRes_SAEM,indWRes_mean,indWRes_mode
1,0,4.71,4.7641,4.7641,4.71125,4.69652,4.66896,-0.00141565,0.0153135,0.046901
1,2.8,2.73,3.57649,3.57649,3.56431,3.56387,3.54126,-1.24893,-1.24841,-1.22232
1,5.5,2.71,2.71656,2.71656,2.72826,2.73483,2.71612,-0.035701,-0.0484365,-0.012028
1,10.4,1.83,1.65704,1.65704,1.68893,1.69859,1.68524,0.445662,0.412771,0.458337
1,15.1,1.26,1.03985,1.03985,1.07631,1.0834,1.07358,0.910578,0.86971,0.926486
1,23.6,0.48,0.464192,0.464192,0.496314,0.495605,0.489603,-0.175386,-0.167998,-0.104648
2,0,4.94,4.25183,4.25183,4.52633,4.55974,4.53946,0.487629,0.444968,0.470781
2,1.3,4.49,3.72265,3.72265,4.0402,4.06662,4.05075,0.594011,0.555494,0.578579
2,4.3,3.16,2.74146,2.74146,3.11119,3.12551,3.11694,0.0837123,0.0588764,0.0737058
2,9.3,1.81,1.65521,1.65521,2.02476,2.02761,2.02526,-0.565927,-0.572631,-0.567098
2,16.4,1.36,0.822429,0.822429,1.1198,1.11647,1.11635,1.1445,1.16381,1.1645
2,24.2,0.68,0.398015,0.398015,0.607701,0.603249,0.602331,0.634784,0.67884,0.688015
3,0,5.24,5.32759,5.32759,5.23217,5.27232,5.24799,0.00798513,-0.0327058,-0.00812322
3,1.2,5.51,4.71079,4.71079,4.61739,4.65497,4.63262,1.03145,0.980042,1.01051
3,4.2,2.7,3.46503,3.46503,3.3807,3.41141,3.39318,-1.07432,-1.11267,-1.08999
3,10.9,1.17,1.75799,1.75799,1.70098,1.71718,1.70496,-1.66556,-1.70018,-1.67414
3,16.4,1.25,1.01866,1.01866,0.982275,0.989219,0.979828,1.45424,1.40659,1.4712
3,23.7,0.45,0.508201,0.508201,0.491997,0.490555,0.483259,-0.455446,-0.441097,-0.367205
4,0,3.16,5.02023,5.02023,5.38415,5.3744,5.4024,-2.20409,-2.19841,-2.21467
4,2.2,6.04,4.00656,4.00656,4.39657,4.40158,4.42544,1.99444,1.9861,1.94661
4,5.7,3.81,2.80368,2.80368,3.19055,3.20817,3.22647,1.0359,1.00092,0.964985
4,9.5,1.6,1.90914,1.90914,2.25986,2.2818,2.29528,-1.55795,-1.59427,-1.61624
4,15.6,1.65,1.04096,1.04096,1.31202,1.33111,1.33899,1.37448,1.27822,1.23932
4,23.5,0.71,0.490811,0.490811,0.668398,0.678486,0.68186,0.332097,0.247827,0.220197
5,0,7.4,5.43005,5.43005,5.85656,5.86071,5.83999,1.40614,1.40137,1.42528
5,2.3,4.61,4.28847,4.28847,4.64958,4.65117,4.63327,-0.0454203,-0.0472327,-0.0267985
5,4,3.66,3.60411,3.60411,3.92236,3.92247,3.90637,-0.35689,-0.357034,-0.336506
5,10.9,2.55,1.79105,1.79105,1.97734,1.97379,1.96296,1.54524,1.55763,1.59565
5,15,1.28,1.19056,1.19056,1.32397,1.31932,1.31051,-0.177181,-0.159036,-0.124233
5,23.4,0.55,0.531504,0.531504,0.596675,0.590988,0.584685,-0.417375,-0.370054,-0.316519
6,0,4.39,5.99354,5.99354,5.64249,5.60859,5.59612,-1.18437,-1.15927,-1.14997
6,1.2,5.19,5.2988,5.2988,4.9296,4.90222,4.88916,0.28185,0.313216,0.328306
6,6,2.95,3.24164,3.24164,2.87446,2.86439,2.85056,0.140209,0.159462,0.186123
6,10.2,1.49,2.11722,2.11722,1.79809,1.79579,1.78235,-0.914213,-0.908554,-0.875178
6,17,0.99,1.07482,1.07482,0.848646,0.851888,0.839612,0.888717,0.865028,0.955691
6,24.1,0.32,0.544525,0.544525,0.396126,0.401177,0.38997,-1.02537,-1.07964,-0.957329
7,0,6.41,5.5325,5.5325,5.39196,5.41465,5.39766,1.0074,0.980822,1.0007
7,1.9,3.63,4.55229,4.55229,4.4132,4.43181,4.41343,-0.946893,-0.965327,-0.947125
7,5.9,2.85,3.02495,3.02495,2.90206,2.91387,2.8952,-0.0957218,-0.116951,-0.0832928
7,10.5,1.46,1.89899,1.89899,1.80295,1.80924,1.79233,-1.0149,-1.02993,-0.989324
7,16.6,1.08,1.03554,1.03554,0.974032,0.975639,0.961926,0.580478,0.570731,0.654928
7,23.9,0.49,0.516108,0.516108,0.485643,0.484105,0.473633,0.0478688,0.0649734,0.184384
8,0,6.05,5.89109,5.89109,5.91482,5.92004,5.93035,0.121945,0.117132,0.107647
8,2.7,3.6,4.46464,4.46464,4.60999,4.61798,4.62195,-1.16896,-1.17617,-1.17974
8,5,3.84,3.5289,3.5289,3.73227,3.74065,3.74099,0.15401,0.141709,0.141215
8,10.5,2.64,2.01961,2.01961,2.2634,2.26879,2.26464,0.887779,0.872985,0.884355
8,16.8,1.35,1.07821,1.07821,1.29255,1.29219,1.28673,0.237136,0.238683,0.262341
8,23.2,0.82,0.582991,0.582991,0.748436,0.742541,0.737357,0.510177,0.55659,0.598011
9,0,3.88,5.17391,5.17391,4.8147,4.76299,4.76832,-1.03582,-0.989144,-0.994004
9,1.4,3.6,4.48217,4.48217,4.13271,4.09138,4.09575,-0.687763,-0.640815,-0.645817
9,5.1,3.11,3.07066,3.07066,2.76467,2.74163,2.74369,0.666467,0.716888,0.712356
9,10.3,1.15,1.81447,1.81447,1.58291,1.57187,1.57136,-1.45922,-1.432,-1.43074
9,16.8,0.86,0.952707,0.952707,0.803596,0.797133,0.794449,0.3745,0.420802,0.44025
9,24.5,0.37,0.460183,0.460183,0.378958,0.372772,0.368571,-0.126126,-0.0396822,0.0206867
10,0,5.13,5.12269,5.12269,5.39353,5.43493,5.43241,-0.260697,-0.299355,-0.297024
10,1.6,4.82,4.34769,4.34769,4.49226,4.5268,4.51533,0.389265,0.34559,0.360015
10,4.6,4.79,3.19941,3.19941,3.18837,3.21228,3.191,2.68025,2.62059,2.67364
10,10,1.69,1.85188,1.85188,1.72098,1.73153,1.70544,-0.0960333,-0.127961,-0.0482922
10,15.4,0.82,1.08232,1.08232,0.929016,0.931348,0.90717,-0.626109,-0.6379,-0.512699
10,23.9,0.26,0.481766,0.481766,0.352018,0.347469,0.32864,-1.39473,-1.34314,-1.11439
11,0,6.21,5.73741,5.73741,5.8006,5.80693,5.78043,0.376577,0.370358,0.396516
11,2,5.12,4.67225,4.67225,4.73691,4.74356,4.72227,0.431512,0.423418,0.449384
11,5.1,2.67,3.40253,3.40253,3.46492,3.47022,3.45514,-1.22409,-1.23037,-1.21245
11,10.2,2.22,2.02834,2.02834,2.08147,2.0823,2.07395,0.355111,0.352842,0.375751
11,16.4,1.38,1.09342,1.09342,1.1337,1.12859,1.12482,1.15915,1.18856,1.21043
11,23,0.53,0.579868,0.579868,0.608948,0.598707,0.597456,-0.69174,-0.612311,-0.602416
12,0,6.71,6.04477,6.04477,6.33082,6.3146,6.31523,0.319568,0.334096,0.33353
12,2.1,6.04,4.87164,4.87164,5.17984,5.16544,5.16641,0.886026,0.903368,0.902195
12,5,3.87,3.62035,3.62035,3.9306,3.91802,3.91914,-0.0822655,-0.0653899,-0.066897
12,9.4,2.33,2.31471,2.31471,2.59436,2.58345,2.5844,-0.543691,-0.523457,-0.525221
12,15.3,1.75,1.28154,1.28154,1.49952,1.48969,1.49011,0.891248,0.932353,0.93059
12,23.9,0.73,0.559036,0.559036,0.696066,0.686717,0.686356,0.26012,0.336299,0.339278
13,0,5.58,5.43005,5.43005,5.45787,5.44091,5.44319,0.119397,0.136395,0.134108
13,2,4.97,4.42252,4.42252,4.48821,4.4755,4.47676,0.572752,0.589531,0.587859
13,4.9,2.93,3.28791,3.28791,3.38535,3.37675,3.3766,-0.717675,-0.705913,-0.705698
13,10.8,2.03,1.80913,1.80913,1.92362,1.91885,1.9162,0.295065,0.309054,0.316877
13,15.8,1.11,1.1003,1.1003,1.20709,1.20314,1.19886,-0.429161,-0.413066,-0.395478
13,24.6,0.64,0.475987,0.475987,0.55928,0.554967,0.548789,0.770073,0.817526,0.886801
14,0,4.55,5.37882,5.37882,5.26003,5.26459,5.26581,-0.720231,-0.724231,-0.725292
14,2.9,3.51,3.99502,3.99502,3.80079,3.80874,3.80735,-0.40822,-0.418498,-0.416701
14,5,3.78,3.22406,3.22406,3.00573,3.01485,3.01175,1.37444,1.35413,1.36103
14,9.4,2.15,2.06363,2.06363,1.84174,1.85139,1.84523,0.89304,0.860577,0.881244
14,15.3,0.8,1.14538,1.14538,0.960342,0.968923,0.95981,-0.890849,-0.930213,-0.888385
14,24.5,0.32,0.476318,0.476318,0.357346,0.36378,0.35201,-0.557619,-0.642128,-0.485187
15,0,3.53,4.91778,4.91778,4.54377,4.51528,4.52179,-1.19044,-1.16428,-1.17028
15,1.3,4.81,4.30458,4.30458,3.91831,3.89864,3.90135,1.21422,1.24727,1.24269
15,5.9,1.36,2.69176,2.69176,2.32842,2.32573,2.3211,-2.21914,-2.21554,-2.20932
15,9.9,1.26,1.79724,1.79724,1.49172,1.49353,1.48692,-0.828822,-0.834291,-0.814279
15,16.4,0.68,0.943907,0.943907,0.74095,0.742168,0.735746,-0.438904,-0.44694,-0.404267
15,23.6,0.39,0.477478,0.477478,0.362887,0.360625,0.355654,0.398648,0.434614,0.515264
16,0,3.96,4.2006,4.2006,3.93479,3.91848,3.92028,0.0341836,0.056533,0.0540612
16,2,3.33,3.42363,3.42363,3.11885,3.1029,3.10007,0.361223,0.390517,0.395735
16,5.9,1.73,2.30303,2.30303,1.98694,1.97334,1.96548,-0.689957,-0.657958,-0.639237
16,10.4,1.18,1.46552,1.46552,1.18682,1.17681,1.16677,-0.0306683,0.0144731,0.0605028
16,15.8,0.5,0.861633,0.861633,0.646689,0.640597,0.630187,-1.21027,-1.17105,-1.10225
16,24.5,0.25,0.383542,0.383542,0.255621,0.253777,0.244121,-0.117328,-0.0794146,0.128488
17,0,4.54,4.2006,4.2006,3.95724,3.95764,3.94795,0.785748,0.785117,0.800153
17,2.6,2.04,3.22017,3.22017,3.01062,3.00864,3.00085,-1.72019,-1.71781,-1.70842
17,5.9,1.87,2.30303,2.30303,2.13506,2.13148,2.12528,-0.662396,-0.654536,-0.640889
17,9.3,1.2,1.63569,1.63569,1.50614,1.50188,1.4967,-1.08451,-1.07247,-1.0577
17,16.9,0.77,0.774897,0.774897,0.710664,0.706496,0.702336,0.445492,0.479592,0.514035
17,24.3,0.39,0.39038,0.39038,0.365486,0.361958,0.358077,0.357867,0.41337,0.475682
18,0,5.64,4.96901,4.96901,5.30632,5.24674,5.25435,0.335517,0.399922,0.391614
18,1.1,4.88,4.43944,4.43944,4.77384,4.72611,4.73086,0.118646,0.173737,0.168209
18,5.8,3.79,2.74728,2.74728,3.04443,3.02839,3.02547,1.30667,1.34186,1.3483
18,10.9,1.43,1.64227,1.64227,1.88219,1.87934,1.87323,-1.28185,-1.27572,-1.26247
18,16.2,1.35,0.972034,0.972034,1.15523,1.15519,1.1484,0.899561,0.899798,0.936632
18,23.6,0.62,0.481906,0.481906,0.603933,0.601101,0.595007,0.141945,0.167755,0.22412
19,0,6.32,4.81533,4.81533,5.16207,5.16431,5.1791,1.19685,1.19401,1.17537
19,2.3,3.7,3.80436,3.80436,4.1562,4.16755,4.17663,-0.58565,-0.598589,-0.608889
19,5.6,3.48,2.71775,2.71775,3.0514,3.06828,3.072,0.749428,0.715952,0.708632
19,9.2,2.28,1.88876,1.88876,2.1856,2.20244,2.20283,0.230462,0.187899,0.186922
19,16.6,1.33,0.907401,0.907401,1.1189,1.12759,1.12552,1.00664,0.957778,0.969341
19,24.4,0.58,0.435853,0.435853,0.575153,0.573566,0.571491,0.0449619,0.059851,0.0794453
20,0,5.93,5.94232,5.94232,5.79437,5.81749,5.81011,0.124891,0.103186,0.110101
20,2.6,4.39,4.54974,4.54974,4.36002,4.3743,4.36368,0.0366908,0.0191447,0.0321854
20,4.9,3.58,3.59593,3.59593,3.39289,3.40116,3.38904,0.294245,0.280551,0.300639
20,10.1,1.64,2.12075,2.12075,1.93078,1.92985,1.91698,-0.803561,-0.801366,-0.770923
20,16.4,1.24,1.1308,1.1308,0.984422,0.977409,0.965606,1.38524,1.43346,1.5162
20,23.7,0.28,0.560795,0.560795,0.46218,0.451736,0.441528,-2.10316,-2.02842,-1.95196
